0.01857948477473606 1.028697904207697 -inf 59380 
0.02536467121103863 1.04527393974642 -1.425758477384224 121729 
0.03283571886784573 1.059427096751929 -1.555922399924694 184078 
0.0408421361189444 1.077605004583041 -1.720967742657131 246427 
0.04942924768529906 1.094171336091597 -1.829426341420575 308776 
0.05837884763140169 1.117930772653389 -2.001530602692835 371125 
0.06769795831567997 1.137983900490425 -2.087691289786273 433474 
0.07735417138490686 1.160808279768908 -2.191804790768374 495823 
0.0872686035569009 1.184140861331346 -2.272491397449405 558172 
0.09728151334415101 1.214973036012865 -2.392663280546208 620521 
0.1074995082653566 1.242369327301931 -2.483610286346093 682870 
0.1179435254408864 1.267779270949607 -2.548631065451031 745219 
0.1284765645612194 1.299695374847892 -2.634336381806655 807568 
0.1391026051344321 1.333606559531265 -2.726687135812718 869917 
0.1497819651835064 1.366574903239884 -2.790105216803195 932266 
0.1605206496286677 1.398256923931915 -2.839637530473381 994615 
0.171188134441412 1.440048463540195 -2.91736361374428 1056964 
0.1819357140647241 1.471414821802667 -2.959370258018064 1119313 
0.1926681657872352 1.512974904549866 -3.033308458453909 1181662 
0.2033497417386604 1.553207723207195 -3.081368431511847 1244011 
0.2139714320101249 1.602329968894144 -3.16819666991384 1306360 
0.2244681245564762 1.646142859495856 -3.197631173254969 1368709 
0.23492546111126 1.684189991349684 -3.220327122562448 1431058 
0.2454047624212832 1.726613725535696 -3.27967558469647 1493407 
0.2557114189934103 1.781126081342296 -3.325198015323886 1555756 
0.2658931212355321 1.841761466873271 -3.403027419208589 1618105 
0.2760210452560993 1.888330366973617 -3.439834921124819 1680454 
0.2859972421036696 1.940663638330356 -3.460200009537879 1742803 
0.2958789453691339 1.992613522885313 -3.494637772418406 1805152 
0.3056788067411415 2.045287552952529 -3.531305249766814 1867501 
0.3153327085557637 2.105877062817042 -3.566368579168141 1929850 
0.3248644291436933 2.166344900942859 -3.603913364225495 1992199 
0.3342104809953549 2.237614451822954 -3.643728842147541 2054548 
0.3435106887763211 2.283441804064984 -3.657135859135038 2116897 
0.3526547487139251 2.354110462462729 -3.694290673712804 2179246 
0.3615925589484475 2.433752287132517 -3.727994645783029 2241595 
0.3704871330489123 2.492426267976833 -3.768876169891312 2303944 
0.3791380317062553 2.572018463407562 -3.771103468916295 2366293 
0.3876993818656083 2.653770620717818 -3.840311327351282 2428642 
0.3961736522534634 2.705495256139246 -3.835004076172077 2490991 
0.4044984284881921 2.784724730384106 -3.860508068338252 2553340 
0.4126427509788788 2.870960909385024 -3.880326084345741 2615689 
0.4206042272258091 2.98001591731374 -3.938956240117136 2678038 
0.4285149016775746 3.029754920333556 -3.936894733961569 2740387 
0.4362349623227211 3.143352328677294 -3.985691052284056 2802736 
0.4438426784939283 3.215803587521575 -3.989767803489314 2865085 
0.4513388992749705 3.311527785245629 -4.033648022053568 2927434 
0.4586966886947751 3.413332430289927 -4.067433434044431 2989783 
0.4658802277644132 3.497455184612855 -4.043926155835036 3052132 
0.4729319577564784 3.608921544665151 -4.085788371843078 3114481 
0.4799095066710357 3.704214811319041 -4.130456220197755 3176830 
0.4867398161427379 3.774937841033801 -4.088272592886416 3239179 
0.4934330143483838 3.902473957782778 -4.13421603944628 3301528 
0.5000077268274687 3.987358393810232 -4.123611224280734 3363877 
0.5064176248153648 4.145498807366448 -4.180779451356552 3426226 
0.5127879023685387 4.205758548048692 -4.181487824111422 3488575 
0.5189222787906045 4.37810988136364 -4.191992492585409 3550924 
0.5249864954052798 4.454141835274712 -4.187645896609578 3613273 
0.5309617850897913 4.556426125374125 -4.200517694896403 3675622 
0.5368176739870183 4.717699420742357 -4.257840651992026 3737971 
0.5425403272286595 4.807594729587157 -4.214285038965153 3800320 
0.5482695919298737 4.861278299332009 -4.234469954269357 3862669 
0.5538758249383502 5.005773231763464 -4.255228796526211 3925018 
0.5592832771844617 5.205231507283081 -4.266532713342841 3987367 
0.5647104170727535 5.252170097694231 -4.28903415878589 4049716 
0.5699594630509882 5.437779130084985 -4.288680190946796 4112065 
0.575121897409081 5.572225503711171 -4.306848026178859 4174414 
0.5801951390961252 5.707886023602829 -4.319968346928528 4236763 
0.5851709404451934 5.776714272274629 -4.259506487443823 4299112 
0.5901000007145976 5.920119635834521 -4.311675241449762 4361461 
0.5949416875083087 6.068017503890428 -4.327208041563474 4423810 
0.5996569231303759 6.247511949328221 -4.328581723404678 4486159 
0.6042435770590572 6.466638799048354 -4.353519404566492 4548508 
0.6087789708436828 6.57006689909566 -4.353418427725335 4610857 
0.6132601627215093 6.690725120228298 -4.362421248844917 4673206 
0.6176344315785284 6.900256797862182 -4.384206921429783 4735555 
0.621936374835603 7.061187242739422 -4.399008295919895 4797904 
0.6261689289066439 7.199473771156137 -4.396442824953701 4860253 
0.6303246380533047 7.372928012205775 -4.408240981341466 4922602 
0.6344137746346187 7.540832179596341 -4.423532698161704 4984951 
0.6384635439616059 7.698036024039466 -4.458999607086799 5047300 
0.6424435232169237 7.820880226115275 -4.433543179398026 5109649 
0.6463399322957033 7.965092926257279 -4.403930746904702 5171998 
0.6501726632206207 8.131488248009504 -4.409200720103574 5234347 
0.6539263708821609 8.373916958431243 -4.440431599598957 5296696 
0.6576533197090748 8.531430923345464 -4.478908637018416 5359045 
0.661258926810576 8.718065490517541 -4.41307336723395 5421394 
0.6648522014111662 8.903012952793652 -4.481805672602013 5483743 
0.6683518340896891 9.123327182536707 -4.461987231521031 5546092 
0.6718025561518987 9.256293554733462 -4.447874990630494 5608441 
0.6752363265560101 9.324063372208844 -4.439195279901462 5670790 
0.678604103607154 9.543722048142634 -4.446591472167051 5733139 
0.6819398631353913 9.739900144754237 -4.484920277795328 5795488 
0.685239025403612 9.819508724318229 -4.453027894188651 5857837 
0.6884642715950121 10.06308485828142 -4.45223298941621 5920186 
0.6916940175657273 10.10034387060212 -4.455922383391896 5982535 
0.6948540855200813 10.36033860648222 -4.464100886536533 6044884 
0.6979771484624485 10.4948538661572 -4.454656486276431 6107233 
0.7010614080759159 10.68592586236658 -4.468452119825189 6169582 
0.7040831788395958 11.01762582333644 -4.509919855977786 6231931 
0.7071598929815419 10.71096281204949 -4.428769173492974 6294280 
0.7102004886730159 10.96988341003684 -4.476063080701951 6356629 
0.7132138038139885 11.11752118340204 -4.482703801611561 6418978 
0.7161795182322735 11.29112395186779 -4.468270693282677 6481327 
0.7191200080593573 11.37861407373491 -4.44871753162208 6543676 
0.7220217840518702 11.58993175065668 -4.461933190031441 6606025 
0.7248906613116063 11.75049552223912 -4.46028532924749 6668374 
0.7277373128237072 11.85432371018134 -4.450506537552583 6730723 
0.730562440628584 12.00319906025989 -4.460412385248096 6793072 
0.7333341977125402 12.28768732844624 -4.472663610127242 6855421 
0.7361008150396825 12.37028628021246 -4.480450199146109 6917770 
0.738859142124884 12.46451468273357 -4.487402746805101 6980119 
0.7415812952972521 12.71854612823236 -4.510946812705434 7042468 
0.7442485523431932 12.97393461109944 -4.499429257208288 7104817 
0.7468759077052045 13.21146325694083 -4.504137020334138 7167166 
0.7494871791187674 13.24563161561684 -4.472049399974731 7229515 
0.7520572213250979 13.48189502027218 -4.470908936251295 7291864 
0.7545900588731697 13.70450001647095 -4.469472437878901 7354213 
0.757102683028119 13.85184123631372 -4.470284698811795 7416562 
0.759593570822588 13.99612912354858 -4.466430994931716 7478911 
0.7620436054490669 14.42895205301867 -4.527296582411793 7541260 
0.7644452798871769 14.69034614846999 -4.509216824238123 7603609 
0.7667889446628983 15.00664038212037 -4.487090894899744 7665958 
0.7690804528914011 15.27890666746764 -4.457796326681299 7728307 
0.7713708229292987 15.44416279723028 -4.495330653384927 7790656 
0.7736406815761363 15.69258894462234 -4.519291116000571 7853005 
0.7758557677633966 16.06292130102163 -4.50783862511749 7915354 
0.7780315787570672 16.32729902872447 -4.492265346677568 7977703 
0.7801756226736565 16.58463936236451 -4.488360410880592 8040052 
0.782287895855987 16.89577005170111 -4.498281542166706 8102401 
0.784383546824396 17.07803924804964 -4.502074435939233 8164750 
0.7864309436879204 17.45687271939454 -4.489674050874924 8227099 
0.7884842686940452 17.51709119610441 -4.508161390487698 8289448 
0.7904960210190566 18.002609862485 -4.536188166488322 8351797 
0.7924802654865831 18.25206057662341 -4.527990023276431 8414146 
0.7943968939014169 19.01434434365188 -4.556957755740962 8476495 
0.796314144785355 18.87491898960145 -4.510299346131274 8538844 
0.7981724327770779 19.58345252876516 -4.53516412200652 8601193 
0.8000149085681497 19.73901134819827 -4.523218302526579 8663542 
0.8017976540899684 20.4101926038619 -4.523080057485249 8725891 
0.8035561577009588 20.6196954181047 -4.498741743939884 8788240 
0.805287127013423 21.1585761686694 -4.541923052783448 8850589 
0.8069825321167921 21.70429831490255 -4.560101515779104 8912938 
0.808635746550703 22.18129691731571 -4.538730525639145 8975287 
0.8102689948856477 22.42867054786728 -4.526558902785742 9037636 
0.8118682203042488 23.00973273026488 -4.544147831957968 9099985 
0.8134365716196237 23.48146003187011 -4.543019989965246 9162334 
0.8149743389212304 24.11994547857249 -4.573467057518322 9224683 
0.8164827359768482 24.51491655647914 -4.553391638026824 9287032 
0.8179465658565414 25.21630992403307 -4.541914447125603 9349381 
0.8193831791917102 25.89136536711328 -4.575029116416872 9411730 
0.8207917257616923 26.39112121654968 -4.567456588469355 9474079 
0.8221652321642731 27.13906353789116 -4.577686582205247 9536428 
0.8235170788206404 27.45782347376879 -4.551802191164236 9598777 
0.8248316004962443 28.28816643392045 -4.557924598003805 9661126 
0.826124125516851 28.89410830856733 -4.574638803316653 9723475 
0.8273872468482967 29.68615331994355 -4.591104292500438 9785824 
0.8286339763936746 30.13127312305303 -4.595032579406543 9848173 
0.8298460699455446 31.13667767232644 -4.615575902789691 9910522 
0.831033160265723 31.55404191418614 -4.574632134203682 9972871 
